0.5000    1.2494    2.9356    2.3774    1000   500
0.5000    1.5736    3.4156    2.2162    1000   500
0.5000    1.8839    3.9006    2.3017    1000   500
0.5000    2.1458    4.3529    2.3691    1000   500
0.5000    2.3986    4.7573    2.4463    1000   500
2.5000    2.7330    5.0056    2.5010    128    287
2.5000    3.0909    5.3456    2.5694    128    287
7.0000    3.4764    5.8288    2.6661    210    472
7.0000    3.6108    6.0550    2.7162    210    472
9.0000    3.8965    6.6270    2.8826    402    901
10.0000   3.9286    6.6822    2.8977    402    901
10.0000   4.8094    8.2235    3.3903    1000   500
15.0000   4.7281    8.0856    3.3407    1000   500
25.0000   4.6420    7.9367    3.2885    1000   500
30.0000   4.6319    7.9215    3.2833    1000   500
45.0000   4.5458    8.1864    3.3771    76     117
45.0000   4.5524    8.3076    3.4205    78     122
